67
125
76
131
70
95
84
71
114
69
81
83
89
105
71
65
70
71
129
79
136
100
114
74
119
84
128
111
67
109
100
76
122
130
122
67
94
65
79
89
133
78
87
125
115
106
106
82
113
92
81
80
101
119
100
130
128
76
66
126
83
123
74
74
95
94
97
103
71
117
69
83
98
135
85
92
136
120
94
137
129
70
131
132
123
106
128
119
94
72
65
132
128
69
115
81
80
135
91
101
112
83
132
131
86
126
86
137
71
76
126
121
130
77
93
123
102
135
76
88
107
99
136
119
122
122
72
88
71
121
102
119
123
87
122
105
128
79
83
126
73
98
130
128
74
80
115
70
134
80
66
123
133
88
86
85
121
97
118
96
118
92
137
73
106
108
107
120
122
103
84
112
71
128
102
85
129
137
77
71
83
117
111
79
135
70
135
74
67
83
81
87
79
78
89
75
134
74
65
91
109
86
133
134
102
66
123
120
120
74
108
97
129
125
92
75
107
117
89
120
98
127
112
80
107
120
109
123
75
106
133
114
88
68
72
136
116
78
96
134
106
97
87
136
82
129
83
87
98
109
116
93
113
121
110
102
90
98
80
92
103
134
132
133
112
76
89
136
105
66
71
79
77
118
118
68
79
84
107
124
121
68
103
72
126
89
124
81
136
76
65
114
115
73
88
134
137
100
86
123
121
137
103
120
104
131
134
125
98
95
137
132
125
104
79
110
135
83
131
133
135
81
136
73
85
69
119
104
98
89
83
71
93
115
74
83
134
113
91
86
82
119
118
93
126
79
101
101
100
74
85
94
77
93
71
85
77
105
102
75
107
110
118
87
94
120
83
123
129
72
128
93
95
117
86
136
94
110
122
71
125
109
90
128
102
79
68
85
77
